248
1 2 102 194 195
2 1 3 4 50 53 102 103 193 195
3 2 4 39 50 52 53 104 184
4 2 3 39 82 83 104
5 6 7 8 36
6 5 8 132 135 221 222
7 5 8 27 28 132
8 5 6 7 9 36 135
9 8 10 28 122 132 141 143
10 9 11 122 135 143
11 10
12 13 14 75 166 167 193
13 12 14 15 79 80 111 112 193
14 12 13 15 79 168 203 210 211 217
15 13 14 80 83 103 193
16 17 18 172 174
17 16 18 19 130 174 175 180
18 16 17 19 21 23 24
19 17 18 20 21 130
20 19 21 22
21 18 19 20 23 24
22 20 26 29 128 130 131 132
23 18 21 26
24 18 21 25 26
25 24 26 27 29 132
26 22 23 24 25 28 29 122
27 7 25 28 132
28 7 9 26 27 122
29 22 25 26 122
30 32 33 152 218 245
31 207
32 244
33 35 36 37 70
34 32 35 69 123 137 202
35 32 33 34 36 72 73 137
36 5 8 32 33 35 135 136 137 140 223
37 38 90 148 149
38 37 90 149
39 3 4 40 41 45 53 90 148 149 171
40 39 41 42 51 52 53
41 39 40 43 45 53
42 40 43 44
43 41 42 44 45
44 42 43 46
45 39 41 43 46 47
46 40 42 44 47 48
47 45 46 48 49
48 41 46 47 49
49 48
50 2 3 51 52 53 150 153 184 195 196
51 40 50 52 53 150 184 187
52 3 39 50 51 139 184 185 187
53 2 3 39 40 50 51
54 113 114 233
55 56 57 114 128 178 179 233
56 55 57 118 119 218 244 245
57 55 56 114 129 218 245
58 59 60 61 62 63 65 67 96 97 160 238 240
59 58 60 62 63 67 68 107 238
60 58 59 61 63 107 110
61 58 60 63 76 77 102 110 112 193 194
62 58 59 63 160 163 181
63 58 59 60 61 62 76 97 103 110 164
64 65 100 107
65 58 64 66 67 68 192 237 238
66 65 68 100 125 127 188 192 244
67 58 59 65 68
68 59 65 67 102 107 109 112 128
69 32 34 70 72 73 123 124
70 69 71 72 124
71 71 72 106 109 126
72 35 69 70 71 73 74 125
73 35 69 72 74 124 165 166 203
74 72 73 75 108 111 126 165 166 167
75 12 74 108 109 167
76 63 77 78 110 164
77 61 76 116 165 188 194 196
78 76 194
79 14 15 81 106 211 212 218
80 13 79 81 82
81 80 82 217
82 80 81 83 104
83 4 15 82 104 105
84 85 88
85 84 86 87 88
86 85 87 88
87 85 86 90 133
88 84 85 86
89 37 38 87 90 133 148
90 134 182 183 247
91 92 99
92 93 99 100 239
93 91 92 94
94 91 92 93 95 97
95 94 96 160
96 58 95 97 160
97 58 63 94 96 160
98 99 157 158
99 91 92 98 100 157 158 236 239
100 64 66 92 99 101 127 147 158 192 236 237
101 58 68 96 97 100 103 161 164 192 237
102 1 2 61 103 193
103 2 3 102 104 193
104 2 3 4 82 83 103 105
105 79 80 83 104 193
106 71 107 108 126 127
107 59 64 68 106 108 109 110 111
108 68 74 75 106 107 110 222
109 75 107 110 111
110 60 61 63 76 107 108 109 111 112 116 121 156 189 190
111 13 68 74 108 109 110 112 167 168 193
112 13 61 110 111 193
113 54 114 115 116 117
114 54 55 57 113 117 118 178 233
115 113 116 121 155
116 113 115 117 120 121 159
117 113 114 116 118 119 121
118 56 114 117 119
119 56 117 118 120 241
120 116 119 121 243
121 115 116 117 120 155 159 188 190 243
122 9 10 26 28 29
123 32 69 124 188 189 244 246
124 69 70 123 125 126
125 66 72 124 189
126 71 74 106 124 127
127 66 68 106 126 167
128 22 55 129 130 131 132 179 180
129 57 128 131 218
130 17 19 22 128 131 132 175 180
131 22 71 128 129 130 132 218 219 220
132 6 7 9 22 25 27 128 130 131 220
133 90 148 170 224
134 89 149 183 227
135 6 8 10 36 140 141 223
136 36 137 138 140 142
137 34 35 36 136 138 165 202
138 136 137 139 140 142 165 202
139 138 140 142 202
140 36 135 136 139 141
141 9 135 138 140 142 143 197
142 136 138 141 143 144 197 201 204
143 9 10 141 142 197
144 142 197 198 204
145 146 147 161 181 182 248
146 145 147 148 248
147 145 146
148 37 90 133 146 149 224 248
149 37 38 134 148 162 182 183 248
150 50 51 151 153 184 195 196 225 235
151 150 152 153 225 226
152 151 153 154 184 185 225 226 227
153 50 150 151 152 154 184
154 152 153 185 186 226 227
155 115 121 156 188
156 155 157 158 159 190
157 98 99 156 158
158 98 99 100 156 157 159 190 191
159 116 121 156 158 189 190
160 58 62 95 96 97 149 161 162 163 164 181
161 145 160 162 163 234
162 145 149 160 161 181 182
163 62 63 160 161 164 181 234 247
164 63 76 77 160 163 234
165 73 74 137 138 202
166 12 73 74 167 168 202 203 210
167 12 74 75 111 127 166 168
168 14 111 166 167 210
169 170 171 228 230
170 169 171 173 176 177 230
171 169 170 172
172 16 171
173 87 174 175 176
174 171 175 176 177
175 17 130 173 174 176 180
176 170 173 175 177 179 180
177 170 176 178 231 233
178 55 114 177 179 231 233
179 55 56 128 176 178 180
180 17 18 128 130 175 176 179
181 145 162 163 182 225 234
182 89 145 149 162 181 183 234
183 89 134 149 182 227
184 50 51 52 150 152 153 185 187 235
185 53 153 154 184 186
186 154 185 187
187 51 52 184 186
188 66 121 123 155 189 192 243 244 246
189 123 125 159 188 190 192
190 100 121 147 156 158 159 189 190 192
191 100 158 190 192
192 65 66 100 101 188 189 190 191
193 2 12 13 15 61 102 103 105 111 112 194
194 1 61 77 78 193 195 196
195 1 2 50 150 194 196
196 50 77 150 194 195 225 234
197 141 142 143 144 182 198 199 200
198 144 197 199 200 205 206 211 212
199 197 198 206
200 197 198 201 207
201 143 203 204 205
202 35 138 139 140 143 166 167 201 203 204 205
203 14 73 139 166 201 202 207 209
204 142 144 201 205 208 209
205 198 204 206 208 212
206 198 199 205 212 213
207 200 203 208 209
208 204 205 207 210 211 212
209 203 204 207 210
210 14 79 166 168 208 209 211 217
211 14 79 198 208 210 212 216 217
212 198 205 206 208 211 213 214 216 217
213 206 212 214 215 216
214 212 213 215
215 213 214 216
216 211 212 213 215 217
217 30 56 57 129 131 219 245
218 14 79 81 210 211 212 216 219
219 131 218 220 222 223
220 131 132 219 221
221 6 220 222
222 6 131 219 221 223
223 33 36 135 219 222
224 133 148
225 150 151 152 181 182 196 226 234 247
226 151 152 154 225 227 234 247
227 134 152 154 183 226
228 169 229 230
229 230 231 232 238
230 169 170 228 229 231
231 177 178 229 230 233
232 229 233
233 54 55 114 117 178 231 232
234 77 161 163 164 181 182 196 225 235 247
235 150 184 234
236 99 100 237 238 239
237 65 100 101 236 238 239
238 58 59 65 237 239 240
239 92 99 236 237 238 240
240 58 238 239
241 119 242
242 241 243 244
243 120 121 188 242 244
244 56 123 188 242 243 245 246
245 30 31 56 57 218 244 246
246 31 32 123 188 244 245
247 89 163 181 182 187 225 226 234
248 145 148 149 182 183
